1 2 1 0.88887 0.850980392 0.835294118 HEAD
8 5 0 4 4 0 0 0 0 2
8 5 0 4 4 0 0 0 0 2

1 2 1 0.88887 0.850980392 0.835294118 LEYE
7 4 0.2 0.4 1.6 0 0 0 0 2
7 4 0.2 0.4 1.6 0 0 0 0 2

1 2 1 0.88887 0.850980392 0.835294118 REYE
9 4 0.2 0.4 1.6 0 0 0 0 2
9 4 0.2 0.4 1.6 0 0 0 0 2

1 2 1 0.88887 0.850980392 0.835294118 MOUTH
8 2 0.2 0.5 0.5 0 0 0 0 2
8 2 0.2 0.5 0.5 0 0 0 0 2

1 2 1 1 1 1 FACE
8 3 0.1 2 1.8 0 0 0 0 2
8 3 0.1 2 1.8 0 0 0 0 2

1 2 1 1 1 1 RPUPIL
9.0 2.9 0.2 0.1 0.1		0 0 0 0 2
9.0 2.9 0.2 0.1 0.1		0 0 0 0 2

1 2 1 1 1 1 LPUPIL
7.0 2.9 0.2 0.1 0.1		0 0 0 0 2
7.0 2.9 0.2 0.1 0.1		0 0 0 0 2

0 2 1 0.88887 0.850980392 0.835294118 RECT
5 3.3 0.3 5 3.3 1 0 0 0 2
5 3.3 0.3 5 3.3 1 0 0 0 2

1 2 1 0.88887 0.850980392 0.835294118 LTEAR
9.2 2.9 0.2 0.1 0.17		0 0 0 0 10
9.2 1.5 0.2 0.07 0.2		0 0 0 0 10

1 2 1 0.88887 0.850980392 0.835294118  RTEAR
6.7 2.9 0.2 0.07 0.2		0 0 0 0 10
6.7 1.5 0.2 0.07 0.2		0 0 0 0 10

1 2 1 1 1 1 MAKESADFACE
8 1.8 0.21 0.72 0.32 	0 	0 0 0 2
8 1.8 0.21 0.72 0.32	0 	0 0 0 2