1 9 0 0.88887 0.850980392 0.835294118 HEAD
8 5 0 4 4 0 0 0 0 5
8 5 0 6 6 0 0 0 0 5
7 6 0 6 6 0 0 0 0 5
6 5 0 6 6 0 0 0 0 5
7 6 0 6 6 0 0 0 0 5
8 5 0 6 6 0 0 0 0 5
9 6 0 6 6 0 0 0 0 5
10 5 0 6 6 0 0 0 0 5
8 5 0 4 4 0 0 0 0 5

1 9 0 0.88887 0.850980392 0.835294118 LEYE
7 4 0.2 0.4 1.6 0 0 0 0 5
7 4 0.2 0.6 2.4 0 0 0 0 5
6 5 0.2 0.6 2.4 0 0 0 0 5
5 4 0.2 0.6 2.4 0 0 0 0 5
6 5 0.2 0.6 2.4 0 0 0 0 5
7 4 0.2 0.6 2.4 0 0 0 0 5
8 5 0.2 0.6 2.4 0 0 0 0 5
9 4 0.2 0.6 2.4 0 0 0 0 5
7 4 0.2 0.4 1.6 0 0 0 0 5

1 9 0 0.88887 0.850980392 0.835294118 REYE
9 4 0.2 0.4 1.6 0 0 0 0 5
9 4 0.2 0.6 2.4 0 0 0 0 5
8 5 0.2 0.6 2.4 0 0 0 0 5
7 4 0.2 0.6 2.4 0 0 0 0 5
8 5 0.2 0.6 2.4 0 0 0 0 5
9 4 0.2 0.6 2.4 0 0 0 0 5
10 5 0.2 0.6 2.4 0 0 0 0 5
11 4 0.2 0.6 2.4 0 0 0 0 5
9 4 0.2 0.4 1.6 0 0 0 0 5

1 9 0 0.88887 0.850980392 0.835294118 MOUTH
8 2 0.2 0.5 0.5 0 0 0 0 5
8 1.5 0.2 0.75 0.75 0 0 0 0 5
7 2.5 0.2 0.75 0.75 0 0 0 0 5
6 1.5 0.2 0.75 0.75 0 0 0 0 5
7 2.5 0.2 0.75 0.75 0 0 0 0 5
8 1.5 0.2 0.75 0.75 0 0 0 0 5
9 2.5 0.2 0.75 0.75 0 0 0 0 5
10 1.5 0.2 0.75 0.75 0 0 0 0 5
8 2 0.2 0.5 0.5 0 0 0 0 5

1 9 0 1 1 1 FACE
8 3 0.1 2 1.8 0 0 0 0 5
8 3 0.1 3 2.7 0 0 0 0 5
7 4 0.1 3 2.7 0 0 0 0 5
6 3 0.1 3 2.7 0 0 0 0 5
7 4 0.1 3 2.7 0 0 0 0 5
8 3 0.1 3 2.7 0 0 0 0 5
9 4 0.1 3 2.7 0 0 0 0 5
10 3 0.1 3 2.7 0 0 0 0 5
8 3 0.1 2 1.8 0 0 0 0 5

1 9 0 1 1 1 RPUPIL
8.8 2.9 0.2 0.1 0.1			0 0 0 0 5
8.8 2.9 0.2 0.15 0.15		0 0 0 0 5
7.8 3.9 0.2 0.15 0.15		0 0 0 0 5
6.8 2.9 0.2 0.15 0.15		0 0 0 0 5
7.8 3.9 0.2 0.15 0.15		0 0 0 0 5
8.8 2.9 0.2 0.15 0.15		0 0 0 0 5
9.8 3.9 0.2 0.15 0.15		0 0 0 0 5
10.8 2.9 0.2 0.15 0.15		0 0 0 0 5
8.8 2.9 0.2 0.1 0.1			0 0 0 0 5

1 9 0 1 1 1 LPUPIL
6.8 2.9 0.2 0.1 0.1		0 0 0 0 5
6.8 2.9 0.2 0.15 0.15		0 0 0 0 5
5.8 3.9 0.2 0.15 0.15		0 0 0 0 5
4.8 2.9 0.2 0.15 0.15		0 0 0 0 5
5.8 3.9 0.2 0.15 0.15		0 0 0 0 5
6.8 2.9 0.2 0.15 0.15		0 0 0 0 5
7.8 3.9 0.2 0.15 0.15		0 0 0 0 5
8.6 2.9 0.2 0.15 0.15		0 0 0 0 5
6.8 2.9 0.2 0.1 0.1		0 0 0 0 5

0 9 0 0.88887 0.850980392 0.835294118 RECT
5 3.3 0.3 5 3.3 1 0 0 0 5
4.9 3.3 0.3 7.5 4.95 1 0 0 0 5
3.9 4.3 0.3 7.5 4.95 1 0 0 0 5
2.9 3.3 0.3 7.5 4.95 1 0 0 0 5
3.9 4.3 0.3 7.5 4.95 1 0 0 0 5
4.9 3.3 0.3 7.5 4.95 1 0 0 0 5
5.9 4.3 0.3 7.5 4.95 1 0 0 0 5
6.9 3.3 0.3 7.5 4.95 1 0 0 0 5
5 3.3 0.3 5 3.3 1 0 0 0 5