1 2 1 0.88887 0.850980392 0.835294118 HEAD
8 5 0 4 4 0 0 0 0 2
8 5 0 4 4 0 0 0 0 2

1 2 1 0.88887 0.850980392 0.835294118 LEYE
7 4 0.2 0.4 1.6 0 0 0 0 2
7 4 0.2 0.4 1.6 0 0 0 0 2

1 2 1 0.88887 0.850980392 0.835294118 REYE
9 4 0.2 0.4 1.6 0 0 0 0 2
9 4 0.2 0.4 1.6 0 0 0 0 2

1 3 1 0.88887 0.850980392 0.835294118 MOUTH
8 2 0.2 0.5 0.5 0 0 0 0 4
8 2 0.2 0.7 0.3 0 0 0 0 5
8 2 0.2 0.5 0.5 0 0 0 0 4

1 2 1 1 1 1 FACE
8 3 0.1 2 1.8 0 0 0 0 2
8 3 0.1 2 1.8 0 0 0 0 2

1 9 1 1 1 1 RPUPIL
8.8 2.9 0.2 0.1 0.1		0 0 0 0 2
8.9 3.1 0.2 0.08 0.12 	0 0 0 0 2
9 	3.2 0.2 0.06 0.14 	0 0 0 0 2
9.1	3.1 0.2 0.08 0.12 	0 0 0 0 2
9.2 2.9 0.2 0.1 0.1 	0 0 0 0 	2
9.1	3.1 0.2 0.08 0.12 	0 0 0 0 2
9 	3.2 0.2 0.06 0.14 	0 0 0 0 2
8.9 3.1 0.2 0.08 0.12 	0 0 0 0 2
8.8 2.9 0.2 0.1 0.1 	0 0 0 0 	2

1 9 1 1 1 1 LPUPIL
6.8 2.9 0.2 0.1 0.1		0 0 0 0 2
6.9 3.1 0.2 0.08 0.12 	0 0 0 0 2
7 	3.2 0.2 0.06 0.14 	0 0 0 0 2
7.1	3.1 0.2 0.08 0.12 	0 0 0 0 2
7.2 2.9 0.2 0.1 0.1 	0 0 0 0 	2
7.1	3.1 0.2 0.08 0.12 	0 0 0 0 2
7 	3.2 0.2 0.06 0.14 	0 0 0 0 2
6.9 3.1 0.2 0.08 0.12 	0 0 0 0 2
6.8 2.9 0.2 0.1 0.1 	0 0 0 0 	2

0 2 1 0.88887 0.850980392 0.835294118 RECT
5 3.3 0.3 5 3.3 1 0 0 0 2
5 3.3 0.3 5 3.3 1 0 0 0 2